PC1	PC2	PC3	PC4	PC5
HG00096	-49.6346958765609	-2.25879730036988	20.6851199839239	-135.048166088388	9.99576968407725
HG00097	-51.0308906283708	23.4822895871226	5.52517897221927	30.6159698185634	17.5882283848525
HG00099	-41.2041746649064	-26.6243845955219	-7.50164822932877	-62.6530351237301	6.61938412208582
HG00100	-49.917858781421	44.2934555536853	25.7048464495561	21.6504010233437	19.6807135180557
HG00101	-38.4096296317804	-12.402344696667	-16.5725485044694	11.223034351872	12.7273262559388
HG00102	-43.7529752295843	-2.45721758472832	-14.8039108650011	-40.1432865423582	46.1355993427544
HG00103	-43.9686499905882	-29.8144866211214	-27.3601156685698	14.8675802182863	30.2514998695401
HG00104	-44.0901141223953	9.82012867984217	16.064924721473	10.1423053455905	-20.9594830377658
HG00105	-51.6416416455763	19.6758612016598	-5.67855796316722	25.6284524889088	-12.3745221913327
HG00106	-46.707847440209	19.896421090482	11.2547389778952	-26.57745875434	-32.1129068434882
HG00108	-35.7917838771898	-35.0570450380928	-18.0970242005586	12.0295567189591	-33.5165359037267
HG00109	-41.9657936930349	9.63658418577207	-30.646278779869	7.00039839315571	6.88979770441715
HG00110	-47.641997310329	12.5961902572964	40.1154870744013	-2.74619635883627	15.1839198736425
HG00111	-45.1143060576508	17.995589327315	-28.9422998220152	5.47219463107314	-40.8371522342276
HG00112	-58.0124946727218	4.13876439796615	7.00764002136942	-22.0183207231089	20.694384437175
HG00114	-48.242202763306	-20.5587029096944	9.6179275294665	22.4688245739313	43.9547623402092
HG00115	-41.8133059481552	-15.3872061655122	-31.9538658266452	0.631174721120252	-7.02785686778975
HG00116	-57.2123033308866	-4.05629120404501	9.3255850998961	-5.26111335631874	12.6576339048077
HG00117	-53.8309082828949	6.42670823961987	-13.5305431028143	-3.40789946735451	-61.8571697874614
HG00118	-41.4667269038477	13.1008322873171	-15.6227353036757	-10.2478031413313	-39.3028570569478
HG00119	-54.2928337980114	34.4690798910726	2.49818418409143	15.0048801519544	-8.55515221972466
HG00120	-59.3941605150156	21.9460244583922	19.4863620474194	-1.6759667859578	15.234288985975
HG00121	-39.5251108437866	35.3900109154132	12.7196088819044	-103.509660191748	4.88064378612832
HG00122	-47.0167765228356	41.6110069472496	30.4504044684139	-0.440785310141468	4.01567692567678
HG00123	-55.1912481303833	27.7231753297772	18.7940478235578	-15.6625402670296	8.83895652805993
HG00124	-39.6311748625852	36.6616332795733	25.7134746312083	1.84505621615048	-24.3970416712358
HG00125	-52.2579846829242	-4.33127476788957	17.2839845789303	-47.561797880363	44.4166155904458
HG00126	-61.0121964013596	10.2720514467763	27.4599571205444	16.4215785685855	2.80299459225708
HG00127	-59.7165382742424	-5.54636709212013	-23.6501081683298	-41.4590107366182	23.4249704177928
HG00128	-50.1405838978691	-4.38420900786464	-35.1872897932782	-55.2324348775232	34.8013007923536
HG00129	-57.1694019412824	-41.8849833859963	-48.1222884722165	27.1965882106099	-0.236830686847132
HG00130	-40.8219840098039	-42.5472732237946	17.2159685672447	-58.1010213601034	49.0056153382868
HG00131	-42.4592340608002	21.1208587725958	34.7838574026621	37.6719338464288	60.827585077492
HG00132	-47.678719241924	2.10070508859925	25.5514720244903	14.8793789293668	24.4110636444258
HG00133	-42.8061388907172	-1.8340803177615	-0.00764445602730468	-78.4936722761438	-16.148803943252
HG00134	-47.8382507726858	15.9112106891605	0.532364940221861	-5.24833091654492	-0.961263253804474
HG00135	-52.5114352250939	31.5235632366149	-26.530221555578	5.00488284826086	-16.1715099771803
HG00136	-42.5929733983208	-16.9799031958857	-75.5005343963668	17.3055544112277	-4.37196368216983
HG00137	-57.6578659783204	-6.68403006044162	-30.5381597975677	-43.7043845625071	20.9063207797868
HG00138	-43.1017970990162	6.89426065997643	-99.3675423106258	-57.6491425627031	8.25331721669887
HG00139	-55.4375874453745	45.7309056088007	-0.826130709045352	2.45148649149401	-31.8127624818295
HG00141	-55.4695171454037	20.9085167020497	33.5354678194455	-9.28837005443175	-0.679707643578915
HG00142	-30.0771059727778	47.2040019152096	13.235174121051	21.4144604366115	10.3665485393071
HG00143	-56.5771820799546	1.08054227327541	28.6501283463611	-75.9769459136873	-5.12516842316489
HG00145	-58.3666230002544	15.9433873994061	24.0267788767179	-1.09442671684591	-41.9375315166397
HG00146	-51.6924986434613	32.7318736447756	20.9126502984357	17.2839623427184	38.006772367817
HG00148	-50.4431036699046	-31.0329395538055	-92.7774567886941	-64.6936604845296	20.8265114737763
HG00149	-34.9658825786922	27.9540889632162	14.6368364295435	25.081415672143	35.9020044289234
HG00150	-46.0963156679026	19.0770250079644	21.2207111927001	-1.27583611728556	-22.7551951293745
HG00151	-55.1988515114538	-16.7097630790689	34.1378628909715	-61.9545866505241	44.1301011891514
HG00152	-41.979213232693	-28.0338122910078	-12.4253721823257	-49.2568916771493	6.97793340482292
HG00154	-45.7580649471888	13.879175385313	-38.3608057877183	1.84694258852462	-6.20703126697376
HG00155	-52.2152266764428	-0.810932251143303	-28.6689767893803	-45.199477531675	6.15055216020366
HG00156	-48.6105287259711	29.7461139052123	10.089884240564	9.66976493770881	-40.7865549117878
HG00157	-54.5385983524727	-1.51262083307211	18.1702032793376	-38.097236902142	7.66654386671869
HG00158	-43.0612939127049	15.2622448396744	1.28399123554125	-65.1166490243737	27.2095468306817
HG00159	-44.2193429484538	-13.3391480291082	7.21198968975095	-77.314240885897	39.7421619200027
HG00160	-58.7555507695177	-15.631556095567	-51.6662249210738	1.41349584868158	-30.4331181315651
HG00171	-59.3544114688778	-92.6527827644107	4.69127510221856	30.0760254635916	33.4225678195042
HG00173	-45.8095920106567	9.99483330949579	35.83868898183	7.14214955600702	-33.7218515668784
HG00174	-42.0599408999514	-27.2240333944224	31.1806278591267	7.85556455624469	-28.6338587124924
HG00176	-49.2688883529248	-26.2997892749446	-13.8856887788921	-4.81262350445935	-23.2909904289093
HG00177	-52.9025380471172	-25.4425433965111	41.5004607812509	-10.534286438159	-25.958931546673
HG00178	-47.7160394762775	-26.271226784134	-35.7693704195541	25.1498530106474	-34.8368779839201
HG00179	-46.6471909430448	-18.3149257276722	4.53458725806035	1.33716582886439	10.3124663833712
HG00180	-50.0838451960202	-31.4813044731491	-14.8878590155428	15.456432141963	13.8896647731271
HG00181	-36.6756837750252	0.73171760074965	-18.5690877732452	24.7318022400485	-57.8051381363403
HG00182	-35.3490294976317	-22.4809004311821	-10.9996827436907	17.934793963481	-37.7159133474714
HG00183	-48.9782906530555	-94.9923217391448	-39.3659867477551	46.5631530036	32.699665212686
HG00185	-47.2820339934163	-38.4837017611108	48.3102536555489	9.38554111351626	11.679625877013
HG00186	-58.851628219117	-70.3404156756603	54.8996139403165	-79.0036752562674	-3.49607546098581
HG00187	-42.405886230243	-68.7197413512981	-26.6498313996529	27.7265000801005	-29.7646957058555
HG00188	-47.044674970908	-40.6449089233007	13.7411525474849	-52.0359501958086	-2.13807776107216
HG00189	-45.7692211762962	-18.4076045916712	-31.8169623561005	17.2574170230058	-35.4240624184432
HG00231	-49.8732451767911	-30.6994687599423	-24.7911778006002	50.2173390444701	98.8734717193102
HG00232	-54.8146717841756	-9.85715861120969	9.99290097269309	-18.0533097330015	-5.44704501190366
HG00233	-46.2641452997101	7.15556401554288	7.17911997334895	0.964860674385102	2.24911555286437
HG00234	-36.8734402352396	11.3445055171635	-6.32968999586245	21.4215659758202	12.462099755072
HG00235	-34.6344191780316	10.3249445909306	17.7511842812984	-34.0156971959806	12.0147967242912
HG00236	-42.7514103976817	48.4534476706969	11.2543227302926	2.88977687305532	48.5887183971626
HG00238	-42.4480103862046	16.2570316224849	-1.70376754601876	23.8265451437651	12.1788379515958
HG00239	-47.383758094209	-23.5473843290266	11.0782033665215	-25.3330616364534	-19.8989807677361
HG00240	-55.6470400417984	18.4385203939972	-1.04121371989233	16.4595925329408	5.19270323950188
HG00242	-53.5218681250615	-54.7525315993755	-71.9957049725927	13.7461076404629	-25.2700230784491
HG00243	-51.6779385764338	-25.601533860304	-20.0555573562491	-22.7559496563901	-17.9692247094075
HG00244	-44.1903923058378	22.312793868674	11.5719007076195	14.3943687682776	-9.60247854342789
HG00245	-38.5032985395216	2.96879997266007	29.9754035925236	-38.2857656820351	2.91130122635591
HG00246	-45.8897805469526	-7.57173465861942	-21.8341670417401	17.7756751542777	-7.65114967962838
HG00247	-43.444755057337	28.510014309512	14.7240255876121	1.24916738620521	-17.0684241519159
HG00249	-52.4362099376388	30.8855452032747	16.3070026669368	31.5520521331727	26.4719867892626
HG00250	-48.214236667521	32.8617406483746	15.0475029252234	6.53612493600106	-1.9595058038978
HG00251	-44.087026466446	37.846268039001	23.9575055578857	29.510354124113	-31.1664365808327
HG00252	-63.4543996028911	10.8638861532992	19.4895263397678	6.29334376766907	-28.5273641631686
HG00253	-48.2317474565442	-1.44475944921222	-19.8560624148539	14.408281018515	-13.985756367251
HG00255	-49.8865935465544	-47.7199350932598	4.18501300576074	4.20252295669805	60.2217910229537
HG00256	-40.9481309444537	1.46127741729269	-31.6545708717092	13.7433751346348	-7.06753270397515
HG00257	-44.9781767617943	-1.93592334519253	-5.95203538790118	-38.319953980418	4.88390430841482
HG00258	-54.7153621661396	-22.1053288275771	-55.0651589862798	35.3435770204853	-1.66287827427147
HG00259	-51.9743664299479	14.1000559747398	20.4397517564651	3.05457652721123	42.482390751976
HG00260	-45.9462079057467	-0.196523795834505	27.1790713602596	30.5864285001279	50.2580514756881
HG00261	-64.7955816141561	-5.10523678035603	-56.196947233806	86.5257164514554	17.5529093376637
HG00262	-45.6691756048635	24.3739643026717	14.6731124734013	10.537499021839	2.87602791565383
HG00263	-46.8000212276961	-17.8236367608194	21.6109894947318	15.0219014016368	82.9742534094838
HG00264	-44.4880196412608	32.5638218433859	3.16419860358009	3.97485189577174	-5.82930610754585
HG00265	-54.6811805418127	-2.30224823816983	-30.3970190464864	-37.8325207059716	13.3953396560146
HG00266	-41.3667225315864	-55.6357420566376	-22.5513696304614	18.9316531703039	-32.638258515758
HG00267	-46.653402667486	-49.7252412156854	43.384986034133	-2.64892822150667	-25.4324973756516
HG00268	-54.4104617748134	-35.8404217236336	-28.0902164143665	-6.92146289043898	-49.95874678671
HG00269	-57.4903288146802	-27.9225620487337	38.1830739773329	10.0005271991219	-8.48778746522121
HG00271	-48.6635568830185	-36.6762837807129	35.3260924436257	-5.75003607336165	-25.336954801997
HG00272	-51.154485006895	-56.4789724312604	3.15799345850685	61.8324208477133	16.1609423372018
HG00273	-51.8389768974825	-0.394147584060606	13.3261409529995	1.4889375784903	-28.8432539912839
HG00274	-54.4510753766341	-35.1453039492224	28.8580315432925	11.1081651316064	-14.7714981320932
HG00275	-37.6138585976857	-28.6400286017862	-20.488293804516	-3.1774819610604	-33.2891832748454
HG00276	-39.222310923694	-53.4915872607188	-16.9835573208651	20.39089506261	-3.61567398027365
HG00277	-47.9312269863911	-17.956022582499	42.4757117678899	10.1866641487419	-2.54727254811864
HG00278	-57.7534404353258	-11.0586538415441	40.4545700594941	7.19699915789302	-20.571811117882
HG00280	-44.1339010326836	-64.8362380785191	7.09578903985167	34.9986167839505	25.1456777285052
HG00281	-46.5249382403201	-43.7568723060339	-1.00370881595012	73.3610597073689	5.61718753815116
HG00282	-42.3239797250987	-36.8717185534367	34.4040431920593	-34.1844553115289	1.81465250349193
HG00284	-59.0524961911333	-20.2294139146931	44.1866717080957	55.1247388624273	4.19760343323936
HG00285	-43.0690520432892	-14.0083314224796	34.5790032882091	-66.4629589106983	-14.7562344581828
HG00306	-42.761730514896	6.37663857420166	35.7123140170425	22.2261883377848	7.78271093675619
HG00308	-56.5576393287205	-42.5913286692501	43.0233968172142	-17.8266596624353	-29.5706790703604
HG00309	-38.8055803393617	-45.2246147915626	22.8192018895648	-3.79730941718826	-38.9077690916357
HG00310	-45.7857735062278	-41.8822695045209	41.4625882366496	-0.190077119246543	-18.4771099280819
HG00311	-53.4299923773327	-34.8386224053338	-0.288855923182841	21.3141562254059	16.7376080863462
HG00312	-39.9767889122261	-9.52844723179468	43.6352786986103	28.6841843412803	-30.4836034597779
HG00313	-48.2987419098449	-18.4776133682603	55.3960476775207	10.7139081520793	-11.1433135526684
HG00315	-44.1437935716356	-37.2737750772973	35.7530609706608	-0.303042121714069	19.1945791525952
HG00319	-56.1902465827941	-23.5634330497562	66.0281860099832	6.52600592993833	-23.5169123346332
HG00320	-38.230515945144	-44.6722418014886	29.1466564812182	8.28992477659627	22.4827680110071
HG00321	-55.5647381153896	-29.7658934326187	-18.0261247841364	11.7136860304269	-46.7617428953433
HG00323	-49.3573029173712	-57.3812506719344	-26.5634825664517	-21.3370342770665	42.6192300979496
HG00324	-46.5664028585019	-33.4900076418707	33.6267655370378	21.9554010677634	-22.7616004014537
HG00325	-52.372418013728	-59.9601648588073	64.2312887219361	13.0502232945888	-17.5216631217818
HG00326	-48.2619412867813	-20.0050646274376	40.4997188149164	22.9282610318767	-18.6558057992015
HG00327	-58.2146339536246	-36.588538662311	45.6178879672404	10.1735268863779	-18.1617344907367
HG00328	-51.1234731721189	-29.3437006705562	44.5397175775221	-4.32908249579833	-40.1653470710026
HG00329	-52.94004828904	-60.5102070092399	-10.9285724825516	39.657585188048	44.0923420630103
HG00330	-51.5976925638192	-43.3841548863013	37.9503481239212	-10.3017230630778	-33.9782203888103
HG00331	-48.0968876097158	-49.8658983769963	29.0830432700985	-1.57899311578964	30.0075023197195
HG00332	-50.2285629449713	-33.4084055633655	43.0926394666694	23.4230303425977	-45.5079156933792
HG00334	-53.181424854061	-22.1580523952481	18.7690362336752	-10.5597214411386	6.39873029897569
HG00335	-49.3880941837441	-74.3878880397679	-50.7326499339233	-43.0601120862532	13.8872621093385
HG00336	-46.7264178670222	-58.4702371981213	-24.1785997611035	12.5787128380972	-20.2565327581355
HG00337	-35.5036129665646	-28.5262499530879	1.22490325910372	0.594246697478264	-26.0760773774187
HG00338	-38.6977135706659	-15.7052217886904	24.9954045791463	23.8478645361425	-34.1689024971513
HG00339	-52.5256051435113	-33.2517480323028	30.4662410671762	12.3810620097641	-15.0400099822714
HG00341	-40.5068643707545	-72.3374321311743	-54.4167370764495	-27.0708765025982	11.272915254049
HG00342	-59.154254771237	-35.1437675047435	43.580511210512	-30.846305181952	-33.5163621126827
HG00343	-40.8364162339324	1.61257262007695	38.92691179876	-50.8508640257368	20.5494793741471
HG00344	-48.3115690453966	1.12051942847264	26.6893320978077	35.1104541693562	2.04091146179528
HG00345	-46.5693095892622	-13.1135949142291	5.13805535740087	2.71439790183905	-41.7537821503358
HG00346	-47.4536937963186	-52.5065389808607	-6.41547454632215	21.075271982294	-44.4635513113389
HG00349	-52.5125607569551	-75.5991906358684	35.9106063368891	-51.69104150665	17.1443450883404
HG00350	-54.6344402615119	-12.2711447385992	4.31249277987724	-3.05898486640871	-4.57747403923745
HG00351	-42.2361695534258	-78.2779121675636	16.0114278593673	-77.1101253946752	-2.90922779629554
HG00353	-46.170710208106	-0.15480849256251	37.3336144445453	23.364133071527	-20.5665606977964
HG00355	-44.520718346661	-54.8643612635907	53.9352232805305	-8.15219326053028	2.57337977061374
HG00356	-43.7984559539544	-26.1017584762513	36.0803134531622	-27.1683329022508	-37.5386689054583
HG00358	-49.4338790724895	-17.2373203323139	56.5581134071432	54.4487531634631	65.2258359425725
HG00359	-34.5087773663402	-68.924167950945	-20.7600898526521	-66.35302743627	12.1302866174946
HG00360	-38.8571297871757	-38.9563364057893	38.2442828208344	10.6342063739788	-21.006737276982
HG00361	-54.7988350870217	-51.0201240524465	1.52592526545484	23.6149672555036	-18.6606475084413
HG00362	-42.0889061011157	-33.7738435212883	18.3948474816455	3.50467551928253	-10.9041127512285
HG00364	-53.7041383179727	-55.932994236141	57.7395127718804	10.0713097745242	9.78569080226581
HG00365	-52.7707636055965	-53.6134559441107	35.5093102912411	-55.3968445011802	-30.9073316531777
HG00366	-46.9064850617646	-52.2901560419326	-62.8735888372293	40.436025493076	4.07208451109731
HG00367	-47.3189073029821	0.0781782342730294	45.3950022208707	38.5814375504686	-16.3074783911564
HG00369	-51.5438163825528	6.48820382854558	27.6150755313932	27.0242174430217	-35.1843637940811
HG00371	-54.5381458187726	-65.4510018389525	57.8846746809499	25.4301820310802	-47.2552390649967
HG00372	-56.246383020373	-25.4141691902615	6.59072888074592	1.14772722468086	-49.9015716553222
HG00373	-58.855307773461	-48.5708931371767	42.3624005381897	-42.9367450484045	19.0810471473462
HG00375	-57.4875354636137	-40.8917936612685	39.0243583761909	10.0053900546323	-35.2797813145561
HG00376	-54.6911247584889	1.51404297419623	13.4436556080842	-1.2373551775112	-10.3211509781234
HG00377	-33.2281315436304	-40.8201744173329	47.1122399229804	19.0730139412304	7.1219277712857
HG00378	-39.1440970652776	-74.3715176557177	-22.7430638214103	20.8375918930945	0.457282921387259
HG00379	-39.2695685631212	-45.8891372490901	-19.5121703281726	30.1309880476756	0.767549261285543
HG00380	-54.8239253049863	-44.6341226114064	9.10674754071836	53.3233478587122	-20.1806419552749
HG00381	-55.9327545594399	-86.4841586503139	-62.6678189108858	15.2923865486787	-26.4095597414892
HG00382	-50.2928777628597	-45.7873882218871	-11.6069456158684	28.9546134086973	-3.78334786642845
HG00383	-44.8192551827207	-18.2592661193543	52.5511736541701	1.16252628847872	4.85620648336879
HG00384	-52.8307284281207	-35.3784723442938	29.8246874247331	30.9896349569601	13.5340929864186
HG01334	-53.7341527718226	35.3044837144977	1.52125520267041	-17.6414778900908	-7.1198282095851
HG01789	-52.9669456802561	34.7004920256771	23.9139278732804	-8.28992375499826	-23.623970094355
HG01790	-53.0679166824999	1.47228803774501	-82.5925447240628	12.7501984849977	-14.8556112249308
HG01791	-49.9042972024626	15.2471859111332	22.2914263378893	29.0794339088443	32.5795951496998
HG02215	-47.602739539329	12.745674509828	19.8041760932379	-18.0800342490899	-2.25654714734212
NA06984	-48.4951522194683	14.4093786037123	31.660157083728	-9.33405934306252	12.2008331685057
NA06985	-51.4021534412165	13.1471513342939	-4.90896187230977	8.33498611136608	2.75166732582864
NA06986	-60.5143681186092	-40.7412805122845	2.58885353841333	20.2294604368273	-8.50546721904331
NA06989	-46.6036034275704	21.0773600154926	19.0962335474851	20.1693411116727	5.25528380820868
NA06994	-58.9603341846576	-22.8698057522955	-36.2977180384435	-7.91193336726049	-33.5280508222813
NA07037	-45.1374699366969	-5.99036896450981	-18.0262362618032	4.74606548634034	55.5342968224704
NA07048	-55.8097341002111	11.9372411669665	18.456433293977	23.9029564525514	66.9750664946923
NA07051	-51.5689808275149	-25.2941251302471	-28.6763010660261	10.4001374415689	71.3600322299785
NA07056	-43.2833115162147	19.1580152786341	-5.67222417090101	22.9960690312372	0.267352037501514
NA07346	-58.9111303519758	7.32651819002619	22.167486444297	19.9301413474632	-16.2548558090785
NA07347	-49.0169711238871	27.3049278434871	-20.3795485513577	12.0169073615877	44.3119688681676
NA07357	-44.4683657367713	14.8617674893387	-17.0180651255595	-3.19815401884058	-71.15901294404
NA10847	-41.6810473898795	1.27619201710181	-30.0958593000613	16.2749180321589	-26.4034723021327
NA10851	-47.1690534112568	40.2207105178324	16.1909533246924	9.2009068456287	4.62355563436496
NA11829	-43.972099626433	44.8836993761492	6.3244763459008	-13.8319985592035	19.533648903153
NA11830	-34.3777075415074	31.0930584811892	26.6917019472009	-4.82967266863977	-37.36429426748
NA11831	-54.9360300340301	-18.4378308772582	-21.3508462848646	20.9124895479943	-55.0732245968684
NA11832	-51.9915149681436	3.32495743159173	16.2787279872697	15.0261025354624	14.8524037281071
NA11840	-55.7979742716409	-2.24303233269547	29.7909147929044	9.61099792897132	-9.15540754517187
NA11843	-47.5472467327915	-11.8408910912244	-31.4427541975626	-73.4582814361117	-2.96540366009247
NA11881	-49.2688863485552	-7.10855197020562	-28.4928619399585	31.3164297310531	8.82173633796954
NA11892	-40.4810618053982	-8.61507321701412	-10.2760225010493	25.8611630246035	43.423817063987
NA11893	-53.9361915578392	22.9818370076325	6.35361480036038	-12.3363462108928	23.2316390721418
NA11894	-47.9395666861945	22.6202148990346	-5.33348590418743	-32.1994848777236	13.0620490501242
NA11918	-43.1052144857043	33.4742183977281	22.1002216447786	9.79590077043147	-13.492298080684
NA11920	-50.6632603374353	11.2056027561679	-33.7290829331939	11.1837987448818	10.0883439098388
NA11930	-42.0026758439197	43.9050871487669	-14.5616440423962	0.121182480856203	-26.65416786468
NA11931	-47.3013309586833	-34.2612778624175	-30.6708809508023	-24.5717974013779	11.9734374690541
NA11992	-45.3002212926942	7.83613518227591	3.16095459254703	21.5046707477021	17.5750660268446
NA11993	-55.7244077045669	10.8802097982341	14.1051196016524	-6.53910649564012	7.1258771881054
NA11994	-40.1518012211639	7.13548037851257	27.4088553311969	19.189923634231	70.980893302306
NA11995	-48.6199840742027	-2.70194713586499	-47.3220577501574	5.77992352623653	-23.3579859414108
NA12004	-39.0335998568202	13.505681708189	-9.45106889439234	-49.8692264019179	19.3133367344206
NA12005	-50.2563045667981	-15.6308621159401	-60.4792004615635	6.57957882057284	-23.8111167998296
NA12006	-49.3259086357715	-19.1532118621675	15.8288888015223	19.5816713369303	36.0133959915879
NA12043	-51.0592591890727	18.7798426871828	17.2079457560542	7.58774040291924	5.32568331664191
NA12044	-51.1328809149406	29.1905762864643	8.83429733926207	-12.2685800834327	-32.3185989828499
NA12045	-44.4149303137691	10.0355252338516	-17.8115936805771	-59.9471589523243	5.33073285633798
NA12058	-47.3982341665521	-17.6813474735603	-45.4918543726732	7.85932269108014	26.1661847544219
NA12144	-45.6587059712824	13.0517546683472	-61.4503404221925	2.2169730838533	-22.1946693051776
NA12154	-46.8823525478282	22.5387148948458	20.2274416423713	4.67533035522653	-7.397231616106
NA12155	-54.3504217171143	23.9180262467814	2.52585554618063	-22.0664957270258	41.6242275949663
NA12156	-54.293406038811	-14.367651049194	45.2797467582622	-5.9931738156419	-23.6588250648985
NA12234	-47.4223250224964	34.6293876408199	19.1306483394733	11.8221558997695	-20.0839155693495
NA12249	-56.04321694715	-32.8571023602705	-44.6781052660281	9.90988402309042	11.9733678904727
NA12272	-39.4354919034804	-2.001200047367	11.8330564699273	17.3929689105687	0.829312546428089
NA12273	-47.3180410305885	29.0597529412389	14.7448296070847	17.6969149162154	-36.593080158264
NA12275	-46.9770010997544	15.0753449527655	19.5529275796399	10.4506362806019	-18.7452289697376
NA12282	-41.5745723105258	42.5066433824601	11.4995718777624	21.4525197431105	2.11449412689102
NA12283	-48.043699016286	2.45838067444273	-43.6680962264285	-9.31938386396771	-15.1460864805614
NA12286	-50.7003459903653	19.7005236679275	28.6929656749458	-3.96836152554553	2.74407656685362
NA12287	-38.4888596311756	-6.91711561832693	-61.5937501858101	26.2584763200721	9.04143153209418
NA12340	-46.5668108345678	14.579437583253	-47.0368774155257	1.45384159606125	-23.7623910026153
NA12341	-59.4963843475746	15.9712638898947	15.4532631299123	23.0722590389648	-2.37495671301225
NA12342	-52.3971851913632	-13.5216719740996	13.8305661055855	35.4352174548875	55.97117431117
NA12347	-51.6135973091477	13.0238177236415	4.30569559405757	10.6014206415548	3.25784571346241
NA12348	-54.0858508604322	-24.9761361784918	-14.5037056830535	27.9115161890363	22.7278848242347
NA12383	-49.2813011412194	32.0215356023354	-18.6068418258642	-51.2415394340949	-8.71629611339087
NA12399	-56.5925244559465	-9.62849918648282	-19.7779591775401	35.5984702912107	13.1031208284138
NA12400	-41.454811149517	36.7403664805051	44.4498345766104	53.0659082931496	25.9246192487157
NA12413	-53.9227229193821	-8.35035647514834	-1.82465576861787	46.5170246747635	2.87288623700492
NA12489	-49.0283049389885	-17.0336386355626	-11.5164534797496	-9.45042031359092	-11.1274456032779
NA12546	-42.3774207718209	-2.81948467410588	-47.060980612409	-2.31422163306108	-4.0728586588588
NA12716	-55.0576229268473	15.7872062440336	15.5713406357377	29.8360251282074	0.605872227547159
NA12717	-46.2821345634942	-4.92986674051956	-36.9182287260103	23.056380928419	4.06874724656503
NA12718	-52.9834474372352	7.97151490228076	-17.8889192486154	14.3163242975869	-22.5655445980454
NA12749	-53.4568238811637	1.26679575051327	35.078061998589	-17.2645336715315	0.798619739385614
NA12750	-50.9586180772607	13.0616279600994	22.668769451888	15.1591106682295	30.4907372923072
NA12751	-53.6539277503944	-0.80671002127345	-38.3573983096194	8.51702252023856	-19.4634526140433
NA12760	-46.1193466145476	20.9267518113028	29.617630750142	-34.9903045540867	9.38011168352354
NA12761	-55.0430651653656	16.2753412873985	19.6627562926122	-7.12051337971386	-7.26522950353712
NA12762	-62.3195281284846	2.03786069819989	-16.9336674675081	22.0190256657803	-16.4616501566635
NA12763	-55.2099888816675	-9.83364851406307	25.0758499699371	8.03814946316132	31.9460915778542
NA12775	-47.5527162500838	44.1061740733073	-0.584340485397665	-7.80793332495297	-7.59100730490396
NA12776	-56.3431149051848	16.2996692718656	2.68477581369836	16.4036086899327	-24.7191599470086
NA12777	-45.5180922066827	16.6653694623974	13.8534950285045	18.8612490692104	-18.7059296094936
NA12778	-51.5318390197369	-22.6158694120031	-76.0363779892944	-56.9310568834296	-4.30138885315224
NA12812	-52.4570214491751	-5.47049027284993	13.7950113260923	15.5213184683995	-10.3055447928983
NA12813	-46.4175598418695	-25.9121246102202	-42.3876443393265	-25.8546551546995	39.5570748346045
NA12814	-42.7316985719545	-7.35254163656784	-37.3427977906424	8.32265207795589	-9.13919650726336
NA12815	-46.2049104430118	16.7731734829021	15.0505355433353	3.29146154213973	-0.504777021698623
NA12827	-57.3807009786232	11.4859680952141	18.7788004137263	3.47226381635642	20.4061360554396
NA12829	-37.6070785242785	13.5774071949623	1.16933154725937	-48.9708362199571	-21.6291695290646
NA12830	-53.1918172704938	12.2091385705235	35.5152429441444	-34.8476049039049	1.26177967632481
NA12842	-49.4920853595226	19.7191643717961	16.7920729992792	9.38247375257137	12.6631181963974
NA12843	-43.9533903499985	-26.3926467747175	2.34187541334398	-54.5497487847639	49.7303104859962
NA12872	-50.6715747452471	26.9466302073657	15.5840976784839	-1.71778408505255	-15.7052630858333
NA12873	-44.272338779968	-5.65045981837778	-19.1639027555559	29.4902727579648	17.9697754398612
NA12874	-34.2507255322321	4.62631750456916	6.39448236870542	-56.6491364859906	1.30290796036797
NA12889	-35.0849135302899	-10.5619703538208	-63.4083727447719	-11.7751974623422	46.2719642193125
NA12890	-37.6167932778686	35.6923258413579	45.1365633012206	8.85148551329093	2.28169835421381
NA18486	199.322827055459	2.57989458962457	0.0422185384229487	7.91831936234593	-22.0462719244183
NA18487	202.932152983524	5.91543256907347	3.04237380662486	9.0647471782644	-14.107821817816
NA18488	181.548926487571	11.7930626156666	7.8523121362891	-7.44988351883419	-10.1357923732
NA18489	188.109972656932	22.822903387931	4.22325280379715	2.04038944183622	-8.13316397756201
NA18498	197.24364281234	-0.4389613392885	-9.18145486004406	1.84263341976489	10.7537763872188
NA18499	196.679168181607	-7.42282706319773	10.3734688716191	8.76641766010293	7.38957476201399
NA18502	194.255480372284	1.07336708289998	-6.14435168392269	-14.4699952000287	-21.5388196743369
NA18505	205.776846822966	-16.5730427610474	25.3851107086281	6.14452039467887	26.4622727291929
NA18508	195.812193818345	4.67361853513663	-2.71826839738151	-15.8168863503436	-6.16530333339947
NA18510	191.903293388112	4.19446760456368	-15.3062469932973	-1.52859699468267	-29.5170765973131
NA18511	191.230378634496	-1.04056336992543	-9.96953639937301	-3.95759081668488	24.5254077877015
NA18517	189.41375727645	-5.85447226753855	-1.37169576877922	-6.31701533624049	-1.07485553427937
NA18519	195.935529707029	7.29629132939752	0.424159961287042	-0.976359746143852	-2.97653627424234
NA18520	207.658254072121	9.10127738931911	-0.770084129053636	7.93216799768276	-16.7591571912705
NA18858	196.238682490901	3.09699708167756	-2.46379579254709	-10.7378007589505	27.5179196231395
NA18861	183.795824553148	-13.1345901135533	3.70104899716824	-9.55963908071196	-15.294121449429
NA18867	193.534443485337	-9.84391010003719	-2.43422816036757	1.34391562779178	-6.92042357318446
NA18868	201.674822870934	7.95134294867178	-14.3392384439907	-5.32629947180362	2.03050439945942
NA18870	206.339155263221	2.78335636912209	-2.47240473750674	-18.866354909231	-9.49587209157044
NA18873	191.011068846822	7.41587394336959	0.511176017014159	10.1301245037158	-4.42344399171844
NA18907	191.152801012083	-3.86634141805873	13.7558605143396	7.33097671485914	34.8456504351931
NA18908	204.030026109522	-5.38977017276111	-2.38871123928705	14.9211380853977	-16.3060092120866
NA18909	197.225333126811	5.79162819479407	5.74002124822498	10.8786752696713	-18.2925039546275
NA18910	200.522925847911	-11.0532810463547	13.0370635493615	-6.2213566361067	2.0254531370556
NA18912	214.001054897452	-3.68491825463749	-16.9729203190265	15.2174306586325	28.0092896006094
NA18916	199.484510579745	-8.09884632152511	4.53035219435276	-6.86394263755537	-28.4861366925048
NA18917	188.916406937918	-11.9977047974114	2.49974171188	11.229716933945	7.95844846920322
NA18923	190.865185740236	-7.4216383273629	7.50241461618734	5.68197501078911	5.73832332626787
NA18933	210.87095079985	-9.44582736447316	14.9077203989392	-3.36372633817131	-10.449268996775
NA18934	201.084418320972	-7.62455581804819	1.86748427459435	-9.21689725997758	14.6138621295203
NA19092	202.112771727353	3.33247356563312	5.87769734130852	-7.54651011558082	-4.01783255253599
NA19093	199.997652230757	11.3175570019291	-10.161629214025	-8.53185970290282	-23.6592727290407
NA19095	197.512071825488	1.11299472305216	-3.53965340434704	1.14937311579321	5.02172729540577
NA19096	200.077608800334	-10.3318055187452	-4.49104563181647	-3.52445057659078	-11.4957457020523
NA19098	186.262377399918	-4.52667594924724	10.1286941505249	-2.60419439586471	13.6370520555294
NA19099	204.023181800371	1.52347861230198	-18.5453282488531	-4.87017851363892	-1.18838174423423
NA19102	195.324943388499	-4.65768816003765	20.2319628814407	1.35111995418461	16.0128039031519
NA19107	207.491722088196	-4.99355758304405	0.670266524012349	14.6325171089832	-5.17837808699143
NA19108	203.129674085042	7.45299726996456	9.57441124134613	-7.08094347267933	-18.0787089878538
NA19113	200.276032144698	-4.77433865882066	0.371795044243294	3.24116182745032	-2.77577460995664
NA19114	197.842922203052	15.1427917271228	-0.929092332079897	-7.94939054059028	-0.387060095319917
NA19116	206.237277484398	-9.10510445557445	-1.29370766415543	18.1170619542424	31.2556318890097
NA19117	197.501362711784	-2.87180812968238	5.2028185720013	-9.0091435417536	-1.40096267457568
NA19118	176.545150391272	6.24101278681712	22.0104843370245	-17.6823308454381	-8.82063058372079
NA19119	205.55969148531	9.64387024671884	-4.8765399776905	10.1772575965992	34.1374114273636
NA19121	195.39721532043	12.1739518010305	7.27032086172614	-0.924001776995556	-11.760120581776
NA19129	191.68878228923	19.012893669479	2.36921708414657	10.8341854167908	-10.1582565314768
NA19130	199.713669637017	-5.1859380946143	-19.1156213745348	-1.16896574508022	-1.60182824307327
NA19131	201.859482454682	-7.50256457014533	-7.87431407548988	0.63014862617551	9.79566367966185
NA19137	197.765574610019	5.91058902078113	-0.984400154742417	0.182955975210679	-12.6977627783628
NA19138	196.630666960978	8.35988976571166	-12.0105374456221	-6.71978837197613	-12.6024211526659
NA19141	196.000852088025	-1.73902882111595	10.8592115481837	-7.02076966715717	15.0641588682356
NA19143	197.283381557712	11.1499549466929	-5.39492295407114	1.1233881914228	15.7038909097168
NA19144	189.548829093328	-4.34664320747524	-2.97925075742801	6.49417182983308	14.9758854732102
NA19146	192.587799659962	-0.197970543822607	2.95901297488519	-3.63779114521833	-6.70737770009562
NA19147	204.007706319569	13.050523069803	-12.5176883837166	1.65698515875323	-0.527076241609934
NA19149	185.507628585301	-15.7867000102064	10.1607308136154	16.5292814995189	29.7276551044308
NA19150	195.602345274556	-0.541900469443642	-0.531239443923275	-4.27440236886029	-7.70243561330797
NA19152	196.828505913391	5.921343264381	-4.80751851782391	-9.66457751288419	-3.29275428156326
NA19153	194.167710949968	3.67060844240494	12.3215463521327	-13.1329522847414	-0.748818461605113
NA19159	200.619653722296	-5.03288815007081	3.55399818066757	6.53139350558154	-3.01926874460094
NA19160	208.829607181126	7.05241582134745	-6.66269532154834	0.00141614330967176	-3.95781179191427
NA19171	199.019302483964	8.02615355597097	5.54160185219764	9.82062715469963	5.11920023743226
NA19172	184.584485753023	11.8860654481577	-4.33922800799964	-3.69920077054017	35.770663055653
NA19175	187.359600372264	-5.01842990568658	11.9983686437693	0.168437222634803	2.81627012798342
NA19184	208.27823248577	-5.82692831119485	0.474124155770324	-2.28532425368618	-16.4486472844538
NA19185	177.267329774311	8.46964803483096	9.85736584965353	6.54104021816102	-13.2553604658478
NA19189	185.640281664187	-8.62662751006388	9.03855170712288	-3.66594383110941	-0.90993829365294
NA19190	193.909252399399	-13.9245610965876	1.49554886277546	5.44121387142047	11.4716171456949
NA19197	209.950824558326	-4.24813753577728	-2.34247006207932	9.63900860512496	28.6924796712627
NA19198	191.333518635627	2.0197005315385	-6.16841809340425	-4.42979849131593	5.90885854939934
NA19200	191.566505466493	10.1335444071286	10.3845319882144	-9.57967904979669	-14.6749603189687
NA19201	197.65222804006	-18.9102273719149	-4.73258167750765	2.40530196727316	-10.136504882828
NA19204	191.981459369061	1.84364739577088	12.0283065652599	-5.84812569208048	4.34795559926961
NA19206	188.495703537282	8.38493378188917	-3.83848449716643	7.07088363094477	-12.3773958789621
NA19207	191.570320733489	-13.4740440134688	4.90807613747046	20.2970669113373	27.9389006033995
NA19209	181.765102425248	-12.5147248622568	12.5398808293222	-11.9984288147545	-11.1352895643067
NA19210	198.099623439061	-10.1512778809097	-3.47151727189308	15.0957357493564	26.8641966229861
NA19213	204.513441174969	-0.218769807363032	2.9010312212008	12.5760662268165	5.82934828450763
NA19214	200.763793937263	-17.6320718885042	-13.9499827697846	2.90719857189477	5.90674112999353
NA19222	195.214183501428	-9.60334957735993	-1.62760469767386	-17.3194500935201	1.00769034340811
NA19223	211.846651836665	-22.1167392244807	0.30257442562781	-15.6829932171005	-1.97544868449681
NA19225	212.736277255502	-10.2071016235061	-8.64726063986156	9.13124105775887	-10.4730453828903
NA19235	198.51891560441	0.383427440781904	1.53359650407737	2.95967127684291	10.3827894620109
NA19236	186.070807817228	6.91108070466502	5.71819604283892	8.9351834753054	-4.40056263891025
NA19247	197.891396441964	-13.5485879656441	10.3719606305676	7.9158428793815	-3.4868237239389
NA19248	193.619469500681	-1.47283891103774	-22.4643001583494	3.46878958031586	-24.8155541431526
NA19256	190.308527815502	-0.219445085534966	-9.6736334641683	-4.5308334755645	-24.1104091093309
NA19257	204.910418717505	-0.789142069319842	8.36726084485469	-2.99264001555363	-8.57723198944616
NA20502	-45.7858772159673	8.58083497662555	-30.0170219649584	15.8574225387333	-34.6099366498029
NA20503	-35.2997237422813	7.6409963934848	-22.6192925917971	-14.2713849239191	34.6138093811637
NA20504	-53.5554099980092	32.2953224655439	10.8092391277912	-18.7235378484992	0.969003148466142
NA20505	-45.1341199157655	7.70198044484819	-10.5307260712851	12.059465491121	17.2039635945979
NA20506	-47.5092197865015	47.3833237033817	12.0934796392055	-2.55978726042151	-11.5574596315446
NA20507	-41.3322668335716	27.6685344220328	-71.6012624570192	-27.1310385854666	6.89201441566407
NA20508	-51.4972687870653	5.45915741943069	-47.5053217913065	26.9810358327184	-23.9038825405746
NA20509	-47.3442306443941	29.7619034898591	6.94007720034141	-1.93060510428777	-25.5383119341966
NA20510	-49.0014620692582	44.1861665034639	-41.2476429284184	14.3388084434353	25.9701315330663
NA20512	-40.9061294083966	6.58145948977429	-8.73902069747183	-14.710584635633	-28.0406893541409
NA20513	-38.1360203370056	57.0679923350631	-35.5749387712401	16.7419994261293	15.9999629792638
NA20514	-50.4433525396853	30.5561502634245	5.45809020371383	16.9916961373509	-0.811150339021799
NA20515	-52.2100377774093	60.0010165649458	18.8003722114438	-45.7949212449805	20.3916837917556
NA20516	-49.4410258841621	32.4944795353179	25.0599208907919	26.965362941821	15.2371116746252
NA20517	-51.8677129876679	32.5659486303604	15.0819652388068	4.63604736920175	-6.08844908728757
NA20518	-34.4797053821874	44.3444478953761	-6.50560728469776	-3.42589210891915	19.911742562371
NA20519	-40.1176395742124	-0.112339773123201	-23.605478776122	22.2731866142182	-1.07216394707262
NA20520	-40.5935819399148	28.9475657873685	-36.7483740513381	-6.28736765039635	-19.0021066511365
NA20521	-31.4747158593884	38.1836391851359	-51.4898290610323	5.26035011031284	-2.26042244640969
NA20524	-52.3390375435763	30.6051362316538	39.4509957152494	-4.7906624975451	3.52460307370955
NA20525	-43.9306660092768	14.1150907759957	-25.5063282510406	7.76333550697372	-22.9723502175558
NA20527	-48.8353229564249	-24.9204427136165	-71.5054547860759	-7.30063142393299	28.096152217912
NA20528	-44.6406049972133	-13.0613201634754	-40.1530909931571	-43.5665543290836	52.6727802203346
NA20529	-46.9162731899489	24.352267857508	0.888638853721892	-48.4076360083046	3.63830933774198
NA20530	-41.4869186448668	32.5291605932262	11.4059962467431	39.4699848827376	-15.4155097632973
NA20531	-51.5312647278771	1.08830058522538	-6.12874845000139	1.61632842509132	53.3052433123799
NA20532	-42.5384933187305	14.7481530009716	-32.631385851764	1.32395305248348	46.4670439398507
NA20534	-46.1620902366172	14.3416235430459	-9.93378607179718	-19.6291237227283	-27.7453859220973
NA20535	-40.4317023894857	66.2859078273439	17.7005358196854	20.8168185313588	-9.57186649010513
NA20536	-44.6667433042046	-1.30843492635197	-74.7754404460549	28.0442475777549	-20.7749139660441
NA20537	-34.0159312908145	48.6580731399084	-3.66032243333148	19.6556031258122	-11.5071969998109
NA20538	-37.2674000381589	17.8189822792734	-33.4825487837757	-1.32789516077635	10.223695395811
NA20539	-44.6416254511629	9.30408112012477	-30.202078394554	36.4272213566829	40.0954387549921
NA20540	-44.0177507608833	13.6646728025062	-50.633876277931	-18.4926523476979	-19.0370047175539
NA20541	-40.6853381208009	30.2310204093173	1.37511865371432	-8.98716531908518	-29.7710226596087
NA20542	-40.7157576254518	2.88563430253623	2.1812756562932	-11.5780559758235	-9.83141152286283
NA20543	-48.8697148052971	28.2104261237063	-30.9298154694817	26.0432654232191	8.00635330997727
NA20544	-41.9763199193759	1.29501679614097	15.9271908799865	-6.21136930296695	-12.0079424373652
NA20581	-52.3085298092402	4.465127775011	53.2236370578888	8.33234331124427	61.6402730717429
NA20582	-45.7679032811711	16.2916758984927	8.87498600504021	20.0492817533514	-11.5231742508417
NA20585	-39.7538943236873	48.9951292444772	-5.04860037483048	17.8491397766326	-36.9208302539393
NA20586	-40.9591755240726	-25.4409423929301	-86.0246997739906	-25.9309127512511	-24.4150689173911
NA20588	-27.5532294992485	55.5206892190574	-44.1111309211979	25.9762675142775	-10.0384865137356
NA20589	-34.7155751907905	38.9941548249585	-41.1863535122021	9.65924202113246	-32.369074960305
NA20752	-38.937064937337	34.1108965298299	-1.47134786093908	-50.6651450052868	25.0442514988403
NA20754	-38.6592776992953	29.0017710599598	18.8629029095419	-11.7885878898839	-23.6762312534195
NA20756	-47.082375125585	32.0047338088701	-3.05015068675015	-25.1365414577833	18.9019394957756
NA20757	-32.6660930948474	30.5696529644592	17.6162215267613	-59.2743167009531	29.7933116448075
NA20758	-44.0863434102432	27.0474630587129	27.6161673936993	-17.0217956576796	-12.3341995514845
NA20759	-38.2871534200912	44.0651507752574	-6.18991365212685	-8.60763983404902	-24.8736341219642
NA20760	-42.5600155278726	34.7850172074678	-29.2848692015644	7.29744338660852	14.4642881314678
NA20761	-48.2453291091333	26.1809516425169	-43.4395834519031	-22.5094918239096	7.85786371649204
NA20765	-35.0384102882754	15.48742181951	0.269349584628754	-29.7836647031695	25.1832332074762
NA20766	-42.6654978316317	23.6750470581926	-3.36975929311674	-17.7149017334872	-12.1589192449363
NA20768	-42.6229921711186	60.9168147004922	25.618809805826	10.811537400917	1.63649246339183
NA20769	-32.7865270412646	9.62909251524305	-56.3755912341075	-6.15273376104381	-18.3194230948388
NA20770	-39.3778443112182	32.2652448710643	-36.8235386439846	21.3153588737747	2.25939182692141
NA20771	-48.0490614038473	70.8358964070012	-5.091554273357	-9.01070805252513	15.5597775921848
NA20772	-41.3904739591579	27.9299592330329	7.36357927664887	-25.2324358990475	-21.0256365857873
NA20773	-48.3047859306053	17.3614457992959	21.2991755217006	-14.3058321062818	-25.8970418014919
NA20774	-38.4863351695875	22.9399991847912	10.6788973795749	-8.02908808026229	-2.09898374898029
NA20778	-37.4713908226025	59.2106612357128	-8.56681240325499	9.83946613282293	-7.47376404974929
NA20783	-42.6664153182708	48.7521048572061	-49.1221924473232	18.8887697106574	-15.7612018285429
NA20785	-46.8010272880629	24.228270984309	-24.2894556416519	-10.9467205818913	-30.1978305936147
NA20786	-46.1522633233678	24.0316562877927	-17.9334725759508	39.1619718183347	18.3023361923387
NA20787	-37.0527748845403	43.6541142077968	7.1011128595246	-19.5271397133043	-14.2805082959867
NA20790	-56.7584881093707	-4.68474696465391	31.7687937102081	14.3914032134251	3.96534502505345
NA20792	-32.3239844538024	49.6934787198407	0.410582831648717	-22.0042620413539	-13.0069559788958
NA20795	-39.8985140388605	21.3589090168043	16.909224612918	31.821260425671	34.6897532526642
NA20796	-34.4107710144291	8.05924636121931	-61.8604711194924	10.9989369303275	-9.68747239342685
NA20797	-43.3896184470743	19.7068793624022	28.8386786149753	3.26594652902562	-25.577227675255
NA20798	-43.2962407723721	18.3158204128375	-29.513959619935	-16.3643685431565	20.1697750766358
NA20799	-49.232474787101	56.5658061234498	6.50384093724584	34.2454156057167	4.2623048088177
NA20800	-55.1788928085535	57.9868272288368	-4.80730138334105	27.6940360780985	35.6195003619189
NA20801	-33.1395149314646	50.4868041343038	-7.83760731896826	-48.6516360771868	13.5445199214421
NA20802	-34.2932361828758	18.5801018784019	15.2588919372496	1.84665749137484	-16.5840440290057
NA20803	-51.3163096588231	8.47806015384679	-46.1809130926595	-14.0234535071864	-24.6958310314858
NA20804	-41.352637748169	42.6970685124638	13.7069581577921	0.332308782151843	-2.10744235494414
NA20805	-36.6105478331418	32.9279831103223	-12.4710000061962	38.9359550942687	73.172868821463
NA20806	-52.2164536275655	-9.0024487601088	21.397050766238	-0.745989112755756	98.6036655958934
NA20807	-41.0580506465004	17.4231142811084	-3.25652507438274	-23.4643499251321	-18.8347981931631
NA20808	-50.6679446807661	35.4474194192271	31.7466166533013	11.754884519885	10.1695798119718
NA20809	-39.1882918356355	23.2319339060404	3.5010319708298	-20.2701211661329	-40.7447824678688
NA20810	-40.2208635502271	-6.05994577677629	-50.7127651981871	14.1581140691897	12.3607131009948
NA20811	-31.3142397849984	8.47790621921664	-22.6541395999415	37.8331237085445	32.1100300745846
NA20812	-37.7853909169038	14.4197383197469	-40.0220788872534	9.00147743901567	32.6631846925097
NA20813	-30.3337934568757	49.2722677955126	-8.1911419872941	35.5344006569932	-6.03486489928906
NA20814	-39.1571582147094	43.1260085609642	21.1272961012353	-8.65451923850188	5.85804683573214
NA20815	-45.0499047756068	34.3707709941057	-25.8974852478435	25.9238837389602	-9.57124061604228
NA20816	-44.3334781920141	44.0699146828177	3.84943194615061	-0.517416831185487	-15.1584840655648
NA20819	-39.6871465890174	18.3290887192745	1.1452111439165	10.4447233889827	1.93117047134718
NA20826	-45.8412816227688	37.1343790166224	-18.4915485934347	-61.9635448560526	23.2920589603286
NA20828	-31.5345229872169	3.5715598040141	-46.5269207068107	-12.7840399345331	-35.6648683296951
